[
    {
        "index": 0,
        "serial_number": "AY3134100BE",
        "rgb_info": {
            "best_resolution": { "width": 1920, "height": 1080 },
            "intrinsics": { "fx": 1033.762085, "fy": 1034.016602, "cx": 967.337891, "cy": 537.439087 },
            "distortion": { "k1": 51.801910, "k2": -115.880859, "p1": -0.000760, "p2": 0.000281, "k3": 126.975510 }
        },
        "depth_info": {
            "best_resolution": { "width": 1280, "height": 800 },
            "intrinsics": { "fx": 615.524536, "fy": 615.524536, "cx": 635.613220, "cy": 398.159119 },
            "distortion": { "k1": 0.000000, "k2": 0.000000, "p1": 0.000000, "p2": -0.000000, "k3": 0.000000 }
        },
        "extrinsics_d2c": {
            "rotation": [ 0.999996, 0.002618, 0.000839, -0.002619, 0.999996, 0.001059, -0.000836, -0.001061, 0.999999 ],
            "translation": [ -14.038552, 0.032664, -1.727449 ]
        }
    },
    {
        "index": 1,
        "serial_number": "AY3134100DH",
        "rgb_info": {
            "best_resolution": { "width": 1920, "height": 1080 },
            "intrinsics": { "fx": 1035.604126, "fy": 1035.848877, "cx": 965.714172, "cy": 538.050964 },
            "distortion": { "k1": -3.181554, "k2": 4.116973, "p1": -0.000607, "p2": 0.000353, "k3": -1.705233 }
        },
        "depth_info": {
            "best_resolution": { "width": 1280, "height": 800 },
            "intrinsics": { "fx": 616.848328, "fy": 616.848328, "cx": 639.068604, "cy": 408.181427 },
            "distortion": { "k1": 0.000000, "k2": 0.000000, "p1": 0.000000, "p2": -0.000000, "k3": 0.000000 }
        },
        "extrinsics_d2c": {
            "rotation": [ 0.999984, 0.002967, -0.004754, -0.002960, 0.999995, 0.001446, 0.004758, -0.001432, 0.999988 ],
            "translation": [ -14.038944, 0.028439, -1.763663 ]
        }
    },
    {
        "index": 2,
        "serial_number": "AY3134100CK",
        "rgb_info": {
            "best_resolution": { "width": 1920, "height": 1080 },
            "intrinsics": { "fx": 1032.996094, "fy": 1033.126465, "cx": 960.948669, "cy": 537.161987 },
            "distortion": { "k1": 58.195568, "k2": -127.922882, "p1": -0.000088, "p2": 0.000783, "k3": 143.520905 }
        },
        "depth_info": {
            "best_resolution": { "width": 1280, "height": 800 },
            "intrinsics": { "fx": 615.203247, "fy": 615.203247, "cx": 634.803650, "cy": 393.469452 },
            "distortion": { "k1": 0.000000, "k2": 0.000000, "p1": 0.000000, "p2": -0.000000, "k3": 0.000000 }
        },
        "extrinsics_d2c": {
            "rotation": [ 0.999995, 0.003123, -0.000122, -0.003123, 0.999994, 0.001619, 0.000127, -0.001618, 0.999999 ],
            "translation": [ -13.954392, -0.062757, -1.830199 ]
        }
    },
    {
        "index": 3,
        "serial_number": "AY313410081",
        "rgb_info": {
            "best_resolution": { "width": 1920, "height": 1080 },
            "intrinsics": { "fx": 1031.433350, "fy": 1031.231201, "cx": 967.662048, "cy": 538.530579 },
            "distortion": { "k1": 38.132439, "k2": -84.746231, "p1": -0.000741, "p2": 0.000534, "k3": 90.641441 }
        },
        "depth_info": {
            "best_resolution": { "width": 1280, "height": 800 },
            "intrinsics": { "fx": 613.263550, "fy": 613.263550, "cx": 644.968445, "cy": 401.038177 },
            "distortion": { "k1": 0.000000, "k2": 0.000000, "p1": 0.000000, "p2": -0.000000, "k3": 0.000000 }
        },
        "extrinsics_d2c": {
            "rotation": [ 0.999994, 0.002234, 0.002754, -0.002233, 0.999997, -0.000152, -0.002754, 0.000146, 0.999996 ],
            "translation": [ -14.179417, 0.032554, -1.989056 ]
        }
    },
    {
        "index": 4,
        "serial_number": "AY31341008H",
        "rgb_info": {
            "best_resolution": { "width": 1920, "height": 1080 },
            "intrinsics": { "fx": 1034.438843, "fy": 1034.163818, "cx": 956.000610, "cy": 534.906860 },
            "distortion": { "k1": 41.365746, "k2": -87.197189, "p1": 0.000156, "p2": -0.000354, "k3": 95.737602 }
        },
        "depth_info": {
            "best_resolution": { "width": 1280, "height": 800 },
            "intrinsics": { "fx": 614.527161, "fy": 614.527161, "cx": 641.349731, "cy": 399.563568 },
            "distortion": { "k1": 0.000000, "k2": 0.000000, "p1": 0.000000, "p2": -0.000000, "k3": 0.000000 }
        },
        "extrinsics_d2c": {
            "rotation": [ 0.999996, 0.002599, 0.001143, -0.002598, 0.999997, -0.000387, -0.001144, 0.000384, 0.999999 ],
            "translation": [ -13.642467, 0.197867, -1.990597 ]
        }
    },
    {
        "index": 5,
        "serial_number": "AY3134100A5",
        "rgb_info": {
            "best_resolution": { "width": 1920, "height": 1080 },
            "intrinsics": { "fx": 1032.712280, "fy": 1032.486694, "cx": 963.904175, "cy": 537.309692 },
            "distortion": { "k1": 37.179287, "k2": -82.436836, "p1": 0.001019, "p2": -0.000368, "k3": 92.077164 }
        },
        "depth_info": {
            "best_resolution": { "width": 1280, "height": 800 },
            "intrinsics": { "fx": 616.296997, "fy": 616.296997, "cx": 632.599854, "cy": 396.865265 },
            "distortion": { "k1": 0.000000, "k2": 0.000000, "p1": 0.000000, "p2": -0.000000, "k3": 0.000000 }
        },
        "extrinsics_d2c": {
            "rotation": [ 0.999996, 0.000177, -0.002867, -0.000176, 1.000000, 0.000409, 0.002868, -0.000409, 0.999996 ],
            "translation": [ -13.886071, -0.183396, -2.099651 ]
        }
    },
    {
        "index": 6,
        "serial_number": "AY31341001G",
        "rgb_info": {
            "best_resolution": { "width": 1920, "height": 1080 },
            "intrinsics": { "fx": 1034.044556, "fy": 1034.291504, "cx": 962.687988, "cy": 545.633423 },
            "distortion": { "k1": 46.239861, "k2": -102.047035, "p1": 0.000186, "p2": 0.000339, "k3": 114.199951 }
        },
        "depth_info": {
            "best_resolution": { "width": 1280, "height": 800 },
            "intrinsics": { "fx": 615.448120, "fy": 615.448120, "cx": 641.095520, "cy": 399.581757 },
            "distortion": { "k1": 0.000000, "k2": 0.000000, "p1": 0.000000, "p2": -0.000000, "k3": 0.000000 }
        },
        "extrinsics_d2c": {
            "rotation": [ 0.999991, 0.002629, -0.003427, -0.002629, 0.999997, -0.000081, 0.003426, 0.000090, 0.999994 ],
            "translation": [ -13.974530, 0.208860, -1.762269 ]
        }
    },
    {
        "index": 7,
        "serial_number": "AY3134100C1",
        "rgb_info": {
            "best_resolution": { "width": 1920, "height": 1080 },
            "intrinsics": { "fx": 1029.097656, "fy": 1028.563477, "cx": 963.824158, "cy": 544.222046 },
            "distortion": { "k1": 46.221729, "k2": -106.296455, "p1": 0.000034, "p2": -0.000121, "k3": 114.894119 }
        },
        "depth_info": {
            "best_resolution": { "width": 1280, "height": 800 },
            "intrinsics": { "fx": 614.991943, "fy": 614.991943, "cx": 641.769775, "cy": 399.953125 },
            "distortion": { "k1": 0.000000, "k2": 0.000000, "p1": 0.000000, "p2": -0.000000, "k3": 0.000000 }
        },
        "extrinsics_d2c": {
            "rotation": [ 1.000000, 0.000343, 0.000890, -0.000344, 0.999999, 0.001122, -0.000890, -0.001122, 0.999999 ],
            "translation": [ -13.956322, 0.000309, -1.909533 ]
        }
    },
    {
        "index": 8,
        "serial_number": "AY31341007V",
        "rgb_info": {
            "best_resolution": { "width": 1920, "height": 1080 },
            "intrinsics": { "fx": 1033.251709, "fy": 1032.848389, "cx": 958.526367, "cy": 532.809204 },
            "distortion": { "k1": 46.258362, "k2": -108.848244, "p1": 0.000213, "p2": 0.000324, "k3": 119.624146 }
        },
        "depth_info": {
            "best_resolution": { "width": 1280, "height": 800 },
            "intrinsics": { "fx": 614.510986, "fy": 614.510986, "cx": 631.264404, "cy": 398.787079 },
            "distortion": { "k1": 0.000000, "k2": 0.000000, "p1": 0.000000, "p2": -0.000000, "k3": 0.000000 }
        },
        "extrinsics_d2c": {
            "rotation": [ 0.999998, 0.001124, -0.001822, -0.001124, 0.999999, 0.000134, 0.001822, -0.000132, 0.999998 ],
            "translation": [ -14.075889, 0.065675, -1.957584 ]
        }
    },
    {
        "index": 9,
        "serial_number": "AY379430163",
        "rgb_info": {
            "best_resolution": { "width": 1920, "height": 1080 },
            "intrinsics": { "fx": 1035.133179, "fy": 1035.513672, "cx": 960.181885, "cy": 546.010986 },
            "distortion": { "k1": 48.850826, "k2": -104.617020, "p1": 0.000706, "p2": 0.000219, "k3": 121.491455 }
        },
        "depth_info": {
            "best_resolution": { "width": 1280, "height": 800 },
            "intrinsics": { "fx": 614.642212, "fy": 614.642212, "cx": 647.155640, "cy": 393.915283 },
            "distortion": { "k1": 0.000000, "k2": 0.000000, "p1": 0.000000, "p2": -0.000000, "k3": 0.000000 }
        },
        "extrinsics_d2c": {
            "rotation": [ 0.999992, 0.003702, -0.001394, -0.003698, 0.999990, 0.002421, 0.001403, -0.002416, 0.999996 ],
            "translation": [ -14.265904, 0.144376, -1.976269 ]
        }
    },
    {
        "index": 10,
        "serial_number": "AY31341000R",
        "rgb_info": {
            "best_resolution": { "width": 1920, "height": 1080 },
            "intrinsics": { "fx": 1033.279419, "fy": 1033.054199, "cx": 968.075134, "cy": 539.398621 },
            "distortion": { "k1": 40.834221, "k2": -95.030830, "p1": -0.000355, "p2": 0.000690, "k3": 100.195114 }
        },
        "depth_info": {
            "best_resolution": { "width": 1280, "height": 800 },
            "intrinsics": { "fx": 616.377625, "fy": 616.377625, "cx": 637.706665, "cy": 405.066833 },
            "distortion": { "k1": 0.000000, "k2": 0.000000, "p1": 0.000000, "p2": -0.000000, "k3": 0.000000 }
        },
        "extrinsics_d2c": {
            "rotation": [ 0.999997, 0.002457, -0.000395, -0.002454, 0.999975, 0.006632, 0.000411, -0.006631, 0.999978 ],
            "translation": [ -13.715159, -0.033145, -1.931936 ]
        }
    },
    {
        "index": 11,
        "serial_number": "AY3134100B1",
        "rgb_info": {
            "best_resolution": { "width": 1920, "height": 1080 },
            "intrinsics": { "fx": 1030.807617, "fy": 1030.415649, "cx": 956.974548, "cy": 534.258728 },
            "distortion": { "k1": 50.571774, "k2": -116.666794, "p1": -0.000302, "p2": -0.000490, "k3": 130.553833 }
        },
        "depth_info": {
            "best_resolution": { "width": 1280, "height": 800 },
            "intrinsics": { "fx": 614.669678, "fy": 614.669678, "cx": 635.025818, "cy": 397.421173 },
            "distortion": { "k1": 0.000000, "k2": 0.000000, "p1": 0.000000, "p2": -0.000000, "k3": 0.000000 }
        },
        "extrinsics_d2c": {
            "rotation": [ 0.999997, -0.001892, 0.001575, 0.001891, 0.999998, 0.000942, -0.001577, -0.000939, 0.999998 ],
            "translation": [ -13.652460, -0.153147, -1.940868 ]
        }
    },
    {
        "index": 12,
        "serial_number": "230322270023",
        "rgb_info": {
            "best_resolution": { "width": 1280, "height": 720 },
            "intrinsics": { "fx": 648.078857, "fy": 647.305298, "cx": 638.612549, "cy": 357.986206 },
            "distortion": { "k1": -0.052667, "k2": 0.061427, "p1": 0.000583, "p2": 0.001247, "k3": -0.020214 }
        },
        "depth_info": {
            "best_resolution": { "width": 1280, "height": 720 },
            "intrinsics": { "fx": 640.139343, "fy": 640.139343, "cx": 637.624329, "cy": 357.883301 },
            "distortion": { "k1": 0.000000, "k2": 0.000000, "p1": 0.000000, "p2": 0.000000, "k3": 0.000000 }
        },
        "extrinsics_d2c": {
            "rotation": [ 0.999997, 0.000632, 0.002438, -0.000635, 0.999999, 0.001239, -0.002438, -0.001241, 0.999996 ],
            "translation": [ -0.019152, -0.032371, 0.063989 ]
        }
    },
    {
        "index": 13,
        "serial_number": "230322274147",
        "rgb_info": {
            "best_resolution": { "width": 1280, "height": 720 },
            "intrinsics": { "fx": 651.322754, "fy": 650.628540, "cx": 647.970703, "cy": 361.061127 },
            "distortion": { "k1": -0.050428, "k2": 0.061005, "p1": -0.000357, "p2": 0.000953, "k3": -0.020762 }
        },
        "depth_info": {
            "best_resolution": { "width": 1280, "height": 720 },
            "intrinsics": { "fx": 648.218872, "fy": 648.218872, "cx": 646.221313, "cy": 358.719086 },
            "distortion": { "k1": 0.000000, "k2": 0.000000, "p1": 0.000000, "p2": 0.000000, "k3": 0.000000 }
        },
        "extrinsics_d2c": {
            "rotation": [ 0.999990, -0.003826, 0.002095, 0.003825, 0.999993, 0.000282, -0.002096, -0.000274, 0.999998 ],
            "translation": [ -0.029864, -0.013812, 0.029483 ]
        }
    }
]
