{
  "world_definition": "world = camera_0 frame",
  "depth_scale_m_per_unit": 0.001,
  "aruco_dict": "DICT_7X7_250",
  "captures": [
    "20251225151142",
    "20251225121903",
    "20251225151606",
    "20251225151610",
    "20251225152114"
  ],
  "cameras": {
    "camera_0": {
      "T_world_from_cam": [
        [
          1.0,
          0.0,
          0.0,
          0.0
        ],
        [
          0.0,
          1.0,
          0.0,
          0.0
        ],
        [
          0.0,
          0.0,
          1.0,
          0.0
        ],
        [
          0.0,
          0.0,
          0.0,
          1.0
        ]
      ],
      "R_world_from_cam": [
        [
          1.0,
          0.0,
          0.0
        ],
        [
          0.0,
          1.0,
          0.0
        ],
        [
          0.0,
          0.0,
          1.0
        ]
      ],
      "t_world_from_cam": [
        0.0,
        0.0,
        0.0
      ],
      "inliers": null,
      "rmse_m": 0.0,
      "num_correspondences": 12,
      "method": "reference"
    },
    "camera_1": {
      "T_world_from_cam": [
        [
          0.9177695085301419,
          0.09013153556165274,
          -0.386749835823676,
          0.7713071497769286
        ],
        [
          -0.06384581098135705,
          0.9947230235188648,
          0.08031076454387324,
          -0.04873634902395278
        ],
        [
          0.3919474985664211,
          -0.049014413990041035,
          0.9186809814014537,
          0.3124808682472687
        ],
        [
          0.0,
          0.0,
          0.0,
          1.0
        ]
      ],
      "R_world_from_cam": [
        [
          0.9177695085301419,
          0.09013153556165274,
          -0.386749835823676
        ],
        [
          -0.06384581098135705,
          0.9947230235188648,
          0.08031076454387324
        ],
        [
          0.3919474985664211,
          -0.049014413990041035,
          0.9186809814014537
        ]
      ],
      "t_world_from_cam": [
        0.7713071497769286,
        -0.04873634902395278,
        0.3124808682472687
      ],
      "inliers": null,
      "rmse_m": null,
      "num_correspondences": null,
      "method": "graph"
    },
    "camera_2": {
      "T_world_from_cam": [
        [
          0.5798789517568566,
          0.07855845711918516,
          -0.8109062646967418,
          1.5476267572742308
        ],
        [
          -0.042890245401859685,
          0.9969035810325599,
          0.06590657762185423,
          -0.12195698432239371
        ],
        [
          0.8135728782098979,
          -0.0034378684544938342,
          0.5814527950760505,
          0.6751670189664444
        ],
        [
          0.0,
          0.0,
          0.0,
          1.0
        ]
      ],
      "R_world_from_cam": [
        [
          0.5798789517568566,
          0.07855845711918516,
          -0.8109062646967418
        ],
        [
          -0.042890245401859685,
          0.9969035810325599,
          0.06590657762185423
        ],
        [
          0.8135728782098979,
          -0.0034378684544938342,
          0.5814527950760505
        ]
      ],
      "t_world_from_cam": [
        1.5476267572742308,
        -0.12195698432239371,
        0.6751670189664444
      ],
      "inliers": null,
      "rmse_m": null,
      "num_correspondences": null,
      "method": "graph"
    },
    "camera_3": {
      "T_world_from_cam": [
        [
          0.729673671394602,
          0.4041690972947108,
          0.5515647505647011,
          -0.2380066114446373
        ],
        [
          -0.5408241554426012,
          -0.15248248710859452,
          0.8271990836642487,
          -0.415017630156027
        ],
        [
          0.41843227189512894,
          -0.901884932747607,
          0.10732195450850288,
          0.4678448240199211
        ],
        [
          0.0,
          0.0,
          0.0,
          1.0
        ]
      ],
      "R_world_from_cam": [
        [
          0.729673671394602,
          0.4041690972947108,
          0.5515647505647011
        ],
        [
          -0.5408241554426012,
          -0.15248248710859452,
          0.8271990836642487
        ],
        [
          0.41843227189512894,
          -0.901884932747607,
          0.10732195450850288
        ]
      ],
      "t_world_from_cam": [
        -0.2380066114446373,
        -0.415017630156027,
        0.4678448240199211
      ],
      "inliers": null,
      "rmse_m": null,
      "num_correspondences": null,
      "method": "graph"
    },
    "camera_4": {
      "T_world_from_cam": [
        [
          0.9158783791787609,
          0.3726082786465861,
          0.1494318079824836,
          0.51620294202112
        ],
        [
          -0.06715223443272372,
          -0.2247884122035518,
          0.9720909150638624,
          -0.4951169890257399
        ],
        [
          0.39579966139901923,
          -0.9003517315044348,
          -0.18085736814790673,
          0.7885845564711166
        ],
        [
          0.0,
          0.0,
          0.0,
          1.0
        ]
      ],
      "R_world_from_cam": [
        [
          0.9158783791787609,
          0.3726082786465861,
          0.1494318079824836
        ],
        [
          -0.06715223443272372,
          -0.2247884122035518,
          0.9720909150638624
        ],
        [
          0.39579966139901923,
          -0.9003517315044348,
          -0.18085736814790673
        ]
      ],
      "t_world_from_cam": [
        0.51620294202112,
        -0.4951169890257399,
        0.7885845564711166
      ],
      "inliers": null,
      "rmse_m": null,
      "num_correspondences": null,
      "method": "graph"
    },
    "camera_5": {
      "T_world_from_cam": [
        [
          0.9269845982216683,
          0.34699382810597834,
          -0.14245995197307618,
          1.270165524400374
        ],
        [
          0.2651442501468782,
          -0.33750903014880307,
          0.9032088247919541,
          -0.5778924363840752
        ],
        [
          0.2653263674681843,
          -0.8750331067018969,
          -0.4048690910674272,
          1.1427634097412984
        ],
        [
          0.0,
          0.0,
          0.0,
          1.0
        ]
      ],
      "R_world_from_cam": [
        [
          0.9269845982216683,
          0.34699382810597834,
          -0.14245995197307618
        ],
        [
          0.2651442501468782,
          -0.33750903014880307,
          0.9032088247919541
        ],
        [
          0.2653263674681843,
          -0.8750331067018969,
          -0.4048690910674272
        ]
      ],
      "t_world_from_cam": [
        1.270165524400374,
        -0.5778924363840752,
        1.1427634097412984
      ],
      "inliers": null,
      "rmse_m": null,
      "num_correspondences": null,
      "method": "graph"
    },
    "camera_6": {
      "T_world_from_cam": [
        [
          0.5654656165343941,
          -0.04087663460549433,
          0.8237583002681711,
          -0.35045343446851257
        ],
        [
          -0.1851799771468324,
          -0.9795636091446822,
          0.07850803591570296,
          0.08182133916896533
        ],
        [
          0.8037145093758579,
          -0.19693713815015118,
          -0.5614790744417392,
          0.8270458962805557
        ],
        [
          0.0,
          0.0,
          0.0,
          1.0
        ]
      ],
      "R_world_from_cam": [
        [
          0.5654656165343941,
          -0.04087663460549433,
          0.8237583002681711
        ],
        [
          -0.1851799771468324,
          -0.9795636091446822,
          0.07850803591570296
        ],
        [
          0.8037145093758579,
          -0.19693713815015118,
          -0.5614790744417392
        ]
      ],
      "t_world_from_cam": [
        -0.35045343446851257,
        0.08182133916896533,
        0.8270458962805557
      ],
      "inliers": null,
      "rmse_m": null,
      "num_correspondences": null,
      "method": "graph"
    },
    "camera_7": {
      "T_world_from_cam": [
        [
          0.9148724577351518,
          -0.15161059415943828,
          0.3741959564402919,
          0.3809925853041803
        ],
        [
          -0.09665691160941627,
          -0.9821115698097073,
          -0.16159921374821473,
          -0.016664963230220375
        ],
        [
          0.39200233100808485,
          0.11167404436364681,
          -0.9131610374406552,
          1.1943663532214859
        ],
        [
          0.0,
          0.0,
          0.0,
          1.0
        ]
      ],
      "R_world_from_cam": [
        [
          0.9148724577351518,
          -0.15161059415943828,
          0.3741959564402919
        ],
        [
          -0.09665691160941627,
          -0.9821115698097073,
          -0.16159921374821473
        ],
        [
          0.39200233100808485,
          0.11167404436364681,
          -0.9131610374406552
        ]
      ],
      "t_world_from_cam": [
        0.3809925853041803,
        -0.016664963230220375,
        1.1943663532214859
      ],
      "inliers": null,
      "rmse_m": null,
      "num_correspondences": null,
      "method": "graph"
    },
    "camera_8": {
      "T_world_from_cam": [
        [
          0.9897831691524139,
          -0.14104498176650707,
          0.02087082128447518,
          1.1673456432758067
        ],
        [
          -0.14185100682981358,
          -0.9889014545257988,
          0.044183765096772076,
          -0.09089675420602455
        ],
        [
          0.014407287182915271,
          -0.04669289405513712,
          -0.9988053883118495,
          1.5295968104090234
        ],
        [
          0.0,
          0.0,
          0.0,
          1.0
        ]
      ],
      "R_world_from_cam": [
        [
          0.9897831691524139,
          -0.14104498176650707,
          0.02087082128447518
        ],
        [
          -0.14185100682981358,
          -0.9889014545257988,
          0.044183765096772076
        ],
        [
          0.014407287182915271,
          -0.04669289405513712,
          -0.9988053883118495
        ]
      ],
      "t_world_from_cam": [
        1.1673456432758067,
        -0.09089675420602455,
        1.5295968104090234
      ],
      "inliers": null,
      "rmse_m": null,
      "num_correspondences": null,
      "method": "graph"
    },
    "camera_9": {
      "T_world_from_cam": [
        [
          0.7939497478865667,
          -0.4255768301074501,
          0.43419829514468544,
          -0.07174839735341676
        ],
        [
          0.49368128237667475,
          0.034440034864975266,
          -0.8689606869297488,
          0.4816644764679696
        ],
        [
          0.3548557302084591,
          0.9042666894640063,
          0.23744297223549743,
          0.33013641626417967
        ],
        [
          0.0,
          0.0,
          0.0,
          1.0
        ]
      ],
      "R_world_from_cam": [
        [
          0.7939497478865667,
          -0.4255768301074501,
          0.43419829514468544
        ],
        [
          0.49368128237667475,
          0.034440034864975266,
          -0.8689606869297488
        ],
        [
          0.3548557302084591,
          0.9042666894640063,
          0.23744297223549743
        ]
      ],
      "t_world_from_cam": [
        -0.07174839735341676,
        0.4816644764679696,
        0.33013641626417967
      ],
      "inliers": null,
      "rmse_m": null,
      "num_correspondences": null,
      "method": "graph"
    },
    "camera_10": {
      "T_world_from_cam": [
        [
          0.9059110119242523,
          -0.34086151626889344,
          -0.25127408382331917,
          0.6660805765076264
        ],
        [
          -0.05782729228110457,
          0.4882373223795573,
          -0.8707929267644954,
          0.4182613243758058
        ],
        [
          0.4195011832424472,
          0.8033914013496231,
          0.42258846824739,
          0.6647687208947657
        ],
        [
          0.0,
          0.0,
          0.0,
          1.0
        ]
      ],
      "R_world_from_cam": [
        [
          0.9059110119242523,
          -0.34086151626889344,
          -0.25127408382331917
        ],
        [
          -0.05782729228110457,
          0.4882373223795573,
          -0.8707929267644954
        ],
        [
          0.4195011832424472,
          0.8033914013496231,
          0.42258846824739
        ]
      ],
      "t_world_from_cam": [
        0.6660805765076264,
        0.4182613243758058,
        0.6647687208947657
      ],
      "inliers": null,
      "rmse_m": null,
      "num_correspondences": null,
      "method": "graph"
    },
    "camera_11": {
      "T_world_from_cam": [
        [
          0.6701151047493908,
          -0.47615294398897073,
          -0.5694068144282691,
          1.4333937760654205
        ],
        [
          -0.617892824869211,
          0.06721555702549192,
          -0.7833840219642603,
          0.3479629833467367
        ],
        [
          0.4112836045381093,
          0.876789851004441,
          -0.2491693275942108,
          1.036064975140964
        ],
        [
          0.0,
          0.0,
          0.0,
          1.0
        ]
      ],
      "R_world_from_cam": [
        [
          0.6701151047493908,
          -0.47615294398897073,
          -0.5694068144282691
        ],
        [
          -0.617892824869211,
          0.06721555702549192,
          -0.7833840219642603
        ],
        [
          0.4112836045381093,
          0.876789851004441,
          -0.2491693275942108
        ]
      ],
      "t_world_from_cam": [
        1.4333937760654205,
        0.3479629833467367,
        1.036064975140964
      ],
      "inliers": null,
      "rmse_m": null,
      "num_correspondences": null,
      "method": "graph"
    }
  },
  "graph": {
    "min_correspondences": 10,
    "ransac_threshold_m": 0.015,
    "edges": [
      {
        "from": "camera_0",
        "to": "camera_1",
        "T_to_from_from": [
          [
            0.9177695085301419,
            -0.06384581098135705,
            0.3919474985664211,
            -0.8334698901636413
          ],
          [
            0.09013153556165274,
            0.9947230235188648,
            -0.049014413990041035,
            -0.005723862702460128
          ],
          [
            -0.386749835823676,
            0.08031076454387324,
            0.9186809814014537,
            0.015146736286466123
          ],
          [
            0.0,
            0.0,
            0.0,
            1.0
          ]
        ],
        "inliers": 12,
        "rmse_m": 0.007600838071558816,
        "num_correspondences": 12,
        "capture_index": 1
      },
      {
        "from": "camera_0",
        "to": "camera_2",
        "T_to_from_from": [
          [
            0.5798789517568566,
            -0.042890245401859685,
            0.8135728782098979,
            -1.451964521598029
          ],
          [
            0.07855845711918516,
            0.9969035810325599,
            -0.0034378684544938342,
            0.0023213195511145764
          ],
          [
            -0.8109062646967418,
            0.06590657762185423,
            0.5814527950760505,
            0.8704402500185449
          ],
          [
            0.0,
            0.0,
            0.0,
            1.0
          ]
        ],
        "inliers": 9,
        "rmse_m": 0.010125948846948,
        "num_correspondences": 12,
        "capture_index": 2
      },
      {
        "from": "camera_1",
        "to": "camera_2",
        "T_to_from_from": [
          [
            0.8531536148038478,
            -0.030130381696440733,
            0.5207888916307212,
            -0.7437147461083183
          ],
          [
            0.00597200718906723,
            0.9988292793903847,
            0.04800422650787427,
            0.012645779538865205
          ],
          [
            -0.521625579009755,
            -0.03784482436625058,
            0.8523347491399288,
            0.41606414502033706
          ],
          [
            0.0,
            0.0,
            0.0,
            1.0
          ]
        ],
        "inliers": 14,
        "rmse_m": 0.008036803708480906,
        "num_correspondences": 16,
        "capture_index": 2
      },
      {
        "from": "camera_2",
        "to": "camera_10",
        "T_to_from_from": [
          [
            0.8690937397995057,
            0.012076546743107085,
            -0.49449997822049585,
            0.8342038530537058
          ],
          [
            0.4350184174056316,
            0.4571860263092276,
            0.7757189657765747,
            -0.5558860051169217
          ],
          [
            0.23544648640234356,
            -0.8892890949327674,
            0.39208399313725,
            0.2533027740574867
          ],
          [
            0.0,
            0.0,
            0.0,
            1.0
          ]
        ],
        "inliers": 14,
        "rmse_m": 0.00659214155791389,
        "num_correspondences": 15,
        "capture_index": 4
      },
      {
        "from": "camera_3",
        "to": "camera_4",
        "T_to_from_from": [
          [
            0.8702252414939798,
            0.023443526463243658,
            0.4920959562257263,
            -0.8230917518154799
          ],
          [
            0.016717233337232722,
            0.9968867086081852,
            -0.07705468389324326,
            -0.01025155767982841
          ],
          [
            -0.49237035164223,
            0.07528141382377398,
            0.8671240658385627,
            0.023169105759225372
          ],
          [
            0.0,
            0.0,
            0.0,
            1.0
          ]
        ],
        "inliers": 12,
        "rmse_m": 0.0059863950757483445,
        "num_correspondences": 12,
        "capture_index": 0
      },
      {
        "from": "camera_4",
        "to": "camera_5",
        "T_to_from_from": [
          [
            0.9352736344933591,
            0.05214618460137593,
            0.35006285728866027,
            -0.773515758819463
          ],
          [
            -0.0069326542261261125,
            0.991595850973657,
            -0.12918826044656487,
            0.031387574092622696
          ],
          [
            -0.3538575517449962,
            0.1183995091347418,
            0.9277749669557209,
            0.3256942174163161
          ],
          [
            0.0,
            0.0,
            0.0,
            1.0
          ]
        ],
        "inliers": 20,
        "rmse_m": 0.007467753188512638,
        "num_correspondences": 20,
        "capture_index": 2
      },
      {
        "from": "camera_6",
        "to": "camera_7",
        "T_to_from_from": [
          [
            0.850285804186815,
            -0.019915131197492365,
            0.525944330464516,
            -0.822689674983574
          ],
          [
            0.18589086972923527,
            0.9462453180626947,
            -0.2646967748117407,
            -0.026849732404820262
          ],
          [
            -0.49240088926573844,
            0.3228361590556665,
            0.8082810022860208,
            0.045803277547390664
          ],
          [
            0.0,
            0.0,
            0.0,
            1.0
          ]
        ],
        "inliers": 19,
        "rmse_m": 0.008301808287611396,
        "num_correspondences": 20,
        "capture_index": 3
      },
      {
        "from": "camera_6",
        "to": "camera_8",
        "T_to_from_from": [
          [
            0.5942722784580323,
            0.09334349756679235,
            0.7988287992544444,
            -1.5374931931652556
          ],
          [
            0.07260478869559897,
            0.9829601893356181,
            -0.16887217307701494,
            0.07412322934354629
          ],
          [
            -0.8009800270386062,
            0.15835484723646484,
            0.5773688064330711,
            0.6822384244508222
          ],
          [
            0.0,
            0.0,
            0.0,
            1.0
          ]
        ],
        "inliers": 20,
        "rmse_m": 0.008877825065991326,
        "num_correspondences": 24,
        "capture_index": 3
      },
      {
        "from": "camera_7",
        "to": "camera_8",
        "T_to_from_from": [
          [
            0.9248839309754183,
            -0.009139179339468787,
            0.3801396975119249,
            -0.7936786375497081
          ],
          [
            -0.05175773195053782,
            0.9873810890580828,
            0.14966536724910884,
            0.05315610687713017
          ],
          [
            -0.3767105671557316,
            -0.15809826175981626,
            0.9127398798243297,
            0.3216979928409188
          ],
          [
            0.0,
            0.0,
            0.0,
            1.0
          ]
        ],
        "inliers": 16,
        "rmse_m": 0.008028315093130657,
        "num_correspondences": 16,
        "capture_index": 3
      },
      {
        "from": "camera_7",
        "to": "camera_9",
        "T_to_from_from": [
          [
            0.8177493225065744,
            -0.5655931176724504,
            -0.10672614853725633,
            0.4201146175496592
          ],
          [
            -0.03820273779845251,
            0.1316811177633108,
            -0.9905557198105049,
            0.5716557884914693
          ],
          [
            0.5743053163298609,
            0.8141034998488598,
            0.08607493926280577,
            0.8348133799755544
          ],
          [
            0.0,
            0.0,
            0.0,
            1.0
          ]
        ],
        "inliers": 14,
        "rmse_m": 0.007494367625638502,
        "num_correspondences": 16,
        "capture_index": 3
      },
      {
        "from": "camera_9",
        "to": "camera_10",
        "T_to_from_from": [
          [
            0.839561966418029,
            -0.008185364579582782,
            0.5432022683595777,
            -0.8124524726887449
          ],
          [
            0.25549475487969076,
            0.8883577568467413,
            -0.38150088607917115,
            0.01361257183127823
          ],
          [
            -0.4794352247939844,
            0.4590789645114719,
            0.747922702937821,
            -0.011225469991129833
          ],
          [
            0.0,
            0.0,
            0.0,
            1.0
          ]
        ],
        "inliers": 11,
        "rmse_m": 0.007568211045042941,
        "num_correspondences": 12,
        "capture_index": 0
      },
      {
        "from": "camera_9",
        "to": "camera_11",
        "T_to_from_from": [
          [
            0.35967213724832364,
            0.06405340178062616,
            0.930877604955427,
            -1.3853283480399687
          ],
          [
            -0.033471977206230005,
            0.9978845902281772,
            -0.05573124192989193,
            0.10849303555920325
          ],
          [
            -0.9324781930046023,
            -0.011113339078430387,
            0.36105527729891945,
            0.9491064978199293
          ],
          [
            0.0,
            0.0,
            0.0,
            1.0
          ]
        ],
        "inliers": 22,
        "rmse_m": 0.0085231696353478,
        "num_correspondences": 24,
        "capture_index": 3
      },
      {
        "from": "camera_10",
        "to": "camera_11",
        "T_to_from_from": [
          [
            0.8153296803833116,
            -0.19967307760925396,
            0.5434778508495964,
            -0.7103330674172068
          ],
          [
            -0.06742470903037859,
            0.8995247851359398,
            0.4316353432450953,
            0.044534793642245996
          ],
          [
            -0.5750577544022999,
            -0.38856894240815476,
            0.7199463564027485,
            0.4743584055049731
          ],
          [
            0.0,
            0.0,
            0.0,
            1.0
          ]
        ],
        "inliers": 12,
        "rmse_m": 0.0075895216163677105,
        "num_correspondences": 12,
        "capture_index": 1
      },
      {
        "from": "camera_4",
        "to": "camera_6",
        "T_to_from_from": [
          [
            0.8484429122628937,
            -0.4713022671063535,
            -0.24087091491350937,
            0.5659898718305201
          ],
          [
            -0.0496057933224356,
            0.3822762692258118,
            -0.9227156220936366,
            0.5372962611815084
          ],
          [
            0.5269571993053246,
            0.794820122422178,
            0.30096026829646866,
            0.6902163261006095
          ],
          [
            0.0,
            0.0,
            0.0,
            1.0
          ]
        ],
        "inliers": 12,
        "rmse_m": 0.006696765496726965,
        "num_correspondences": 12,
        "capture_index": 3
      },
      {
        "from": "camera_5",
        "to": "camera_6",
        "T_to_from_from": [
          [
            0.6883251624226607,
            -0.4445638106071663,
            -0.5732115569964144,
            1.2923168270569523
          ],
          [
            -0.3498702848092246,
            0.4887541395901408,
            -0.7991934527015432,
            0.5178096544019414
          ],
          [
            0.6354520080882036,
            0.7506546538401911,
            0.18088210548512776,
            1.1059367089120198
          ],
          [
            0.0,
            0.0,
            0.0,
            1.0
          ]
        ],
        "inliers": 12,
        "rmse_m": 0.009492623933482373,
        "num_correspondences": 12,
        "capture_index": 3
      }
    ],
    "connected_components": [
      [
        0,
        1,
        2,
        3,
        4,
        5,
        6,
        7,
        8,
        9,
        10,
        11
      ],
      [
        12
      ],
      [
        13
      ]
    ]
  }
}